#Data from https://arxiv.org/abs/1605.02047 extracted using dataThief
1.004, 2.4109
1.0215, 2.3814
1.0303, 2.3813
1.039, 2.3813
1.0477, 2.3813
1.0565, 2.3813
1.0652, 2.3813
1.0827, 2.3522
1.0914, 2.3522
1.1002, 2.3521
1.1089, 2.3234
1.1177, 2.3234
1.1264, 2.2949
1.1351, 2.2668
1.1526, 2.2668
1.1614, 2.2668
1.1701, 2.2668
1.1788, 2.2391
1.1876, 2.2117
1.1963, 2.1579
1.2051, 2.1315
1.2226, 2.0542
1.2313, 2.0291
1.2401, 2.0042
1.2488, 2.0042
1.2575, 1.9797
1.2663, 1.9555
1.275, 1.9555
1.2925, 1.9316
1.3013, 1.9315
1.31, 1.9079
1.3187, 1.8846
1.3275, 1.8846
1.3362, 1.8845
1.345, 1.8845
1.3624, 1.8387
1.3712, 1.8162
1.3799, 1.8162
1.3887, 1.8162
1.3974, 1.794
1.4061, 1.794
1.4149, 1.794
1.4324, 1.7939
1.4411, 1.772
1.4498, 1.772
1.4586, 1.772
1.4673, 1.7503
1.4761, 1.7503
1.4848, 1.7503
1.5023, 1.7288
1.511, 1.7288
1.5198, 1.7288
1.5285, 1.7288
1.5373, 1.7077
1.546, 1.7077
1.5547, 1.7077
1.5722, 1.6867
1.581, 1.6867
1.5897, 1.6867
1.5984, 1.6867
1.6072, 1.6867
1.6159, 1.6661
1.6247, 1.6661
1.6421, 1.6661
1.6509, 1.6457
1.6596, 1.6457
1.6684, 1.6457
1.6771, 1.6457
1.6858, 1.6255
1.6945, 1.6255
1.7121, 1.6056
1.7208, 1.6056
1.7295, 1.6056
1.7383, 1.6056
1.7469, 1.5859
1.7558, 1.5859
1.7645, 1.5859
1.782, 1.5666
1.7907, 1.5666
1.7995, 1.5474
1.8082, 1.5284
1.8169, 1.5284
1.8256, 1.5097
1.8344, 1.5097
1.8519, 1.4913
1.8606, 1.4913
1.8694, 1.4912
1.878, 1.4729
1.8869, 1.4729
1.8956, 1.4729
1.9043, 1.455
1.9218, 1.4372
1.9306, 1.4196
1.9393, 1.4196
1.9481, 1.4196
1.9567, 1.4022
1.9655, 1.4022
1.9743, 1.385
1.9918, 1.3681
2.0005, 1.3513
2.0093, 1.3513
2.018, 1.3513
2.0267, 1.3348
2.0355, 1.3348
2.0442, 1.3348
2.0617, 1.3184
2.0704, 1.3184
2.0792, 1.3023
2.0879, 1.2864
2.0967, 1.2864
2.1054, 1.2706
2.1141, 1.2706
2.1316, 1.2551
2.1404, 1.2397
2.1491, 1.2397
2.1579, 1.2245
2.1666, 1.2245
2.1753, 1.2096
2.1841, 1.2095
2.2016, 1.1947
2.2103, 1.1947
2.219, 1.1801
2.2278, 1.1801
2.2365, 1.1657
2.2453, 1.1514
2.2627, 1.1373
2.2715, 1.1234
2.2802, 1.1234
2.289, 1.1097
2.2977, 1.1096
2.3065, 1.0961
2.3152, 1.0827
2.3327, 1.0694
2.3414, 1.0694
2.3502, 1.0563
2.3589, 1.0563
2.3676, 1.0434
2.3764, 1.0434
2.3851, 1.0434
2.4026, 1.0306
2.4113, 1.0306
2.4201, 1.018
2.4288, 1.018
2.4376, 1.0055
2.4463, 0.9931
2.4551, 0.9811
2.4725, 0.9691
2.4813, 0.9691
2.49, 0.9572
2.4988, 0.9572
2.5074, 0.9572
2.5163, 0.9455
2.525, 0.9455
2.5425, 0.9339
2.5512, 0.9339
2.56, 0.9224
2.5687, 0.9224
2.5774, 0.9112
2.5862, 0.9112
2.5949, 0.9
2.6124, 0.9
2.6211, 0.889
2.6299, 0.878
2.6385, 0.878
2.6474, 0.8674
2.6561, 0.8674
2.6649, 0.8568
2.6823, 0.8463
2.6911, 0.8463
2.6998, 0.8359
2.7086, 0.8359
2.7173, 0.8359
2.726, 0.8256
2.7348, 0.8256
2.7523, 0.8155
2.761, 0.8056
2.7697, 0.8056
2.7785, 0.8056
2.7872, 0.7957
2.796, 0.7957
2.8047, 0.786
2.8222, 0.7764
2.8309, 0.7764
2.8397, 0.7764
2.8484, 0.7669
2.8572, 0.7669
2.8659, 0.7574
2.8746, 0.7574
2.8921, 0.7482
2.9009, 0.7391
2.9096, 0.73
2.9184, 0.721
2.9271, 0.7123
2.9358, 0.7036
2.9445, 0.7035
2.9621, 0.6949
2.9708, 0.6949
2.9795, 0.6864
2.9883, 0.6864
2.9969, 0.678
3.0058, 0.6697
3.0145, 0.6697
3.032, 0.6615
3.0407, 0.6534
3.0495, 0.6534
3.0582, 0.6454
3.067, 0.6454
3.0757, 0.6375
3.0844, 0.6375
3.1019, 0.6297
3.1107, 0.6297
3.1194, 0.6219
3.128, 0.6219
3.1369, 0.6143
3.1456, 0.6143
3.1544, 0.6069
3.1719, 0.5995
3.1806, 0.5995
3.1893, 0.592
3.1981, 0.592
3.2068, 0.592
3.2156, 0.5849
3.2243, 0.5777
3.2418, 0.5707
3.2505, 0.5706
3.2593, 0.5636
3.268, 0.5636
3.2767, 0.5636
3.2854, 0.5568
3.2942, 0.5568
3.3117, 0.5432
3.3205, 0.5432
3.3292, 0.5366
3.3378, 0.5366
3.3467, 0.5366
3.3554, 0.53
3.3642, 0.5234
3.3816, 0.5171
3.3904, 0.5171
3.3991, 0.5108
3.4079, 0.5045
3.4166, 0.4984
3.4254, 0.4923
3.4341, 0.4923
3.4516, 0.4862
3.4603, 0.4803
3.4691, 0.4744
3.4778, 0.4744
3.4866, 0.4686
3.4953, 0.4686
3.5128, 0.4628
3.5215, 0.4572
3.5303, 0.4516
3.539, 0.4461
3.5476, 0.4461
3.5565, 0.4405
3.5652, 0.4405
3.5827, 0.4352
3.5915, 0.4299
3.6002, 0.4299
3.6089, 0.4245
3.6177, 0.4245
3.6263, 0.4194
3.6352, 0.4143
3.6526, 0.4092
3.6614, 0.4092
3.6701, 0.4042
3.6789, 0.3993
3.6876, 0.3993
3.6964, 0.3944
3.705, 0.3896
3.7226, 0.3848
3.7313, 0.3848
3.7401, 0.3801
3.7488, 0.3754
3.7574, 0.3754
3.7663, 0.3708
3.775, 0.3708
3.7925, 0.3663
3.8013, 0.3618
3.81, 0.3618
3.8187, 0.3574
3.8275, 0.353
3.8362, 0.353
3.845, 0.3487
3.8624, 0.3444
3.8712, 0.3402
3.8799, 0.3402
3.8887, 0.3361
3.8974, 0.3319
3.9062, 0.3319
3.9149, 0.3279
3.9324, 0.3239
3.9411, 0.3239
3.9499, 0.3199
3.9586, 0.316
3.9673, 0.316
3.9761, 0.3121
3.9848, 0.3121
4.0023, 0.3045
4.0111, 0.3008
4.0198, 0.3008
4.0285, 0.2971
4.0373, 0.2934
4.046, 0.2934
4.0548, 0.2899
4.0723, 0.2863
4.081, 0.2828
4.0897, 0.2793
4.0985, 0.2793
4.1072, 0.276
4.116, 0.2726
4.1247, 0.2726
4.1421, 0.266
4.1509, 0.266
4.1597, 0.2595
4.1684, 0.2563
4.1772, 0.2532
4.1859, 0.2532
4.1947, 0.2501
4.2121, 0.244
4.2209, 0.2381
4.2296, 0.2381
4.2384, 0.2351
4.2471, 0.2351
4.2559, 0.2323
4.2646, 0.2294
4.2821, 0.2266
4.2908, 0.2238
4.2995, 0.2211
4.3083, 0.2184
4.3171, 0.2184
4.3258, 0.2157
4.3345, 0.2131
4.3519, 0.2105
4.3608, 0.2079
4.3695, 0.2079
4.3782, 0.2054
4.387, 0.2028
4.3957, 0.2028
4.4045, 0.2004
4.422, 0.1979
4.4307, 0.1955
4.4394, 0.1931
4.4482, 0.1907
4.4569, 0.1884
4.4657, 0.1884
4.4744, 0.1861
4.4919, 0.1816
4.5006, 0.1793
4.5093, 0.1793
4.5181, 0.1772
4.5269, 0.175
4.5356, 0.1707
4.5444, 0.1686
4.5619, 0.1645
4.5706, 0.1605
4.5793, 0.1586
4.588, 0.1547
4.5968, 0.1547
4.6056, 0.1528
4.6143, 0.1528
4.6318, 0.1491
4.6404, 0.1491
4.6493, 0.1491
4.658, 0.1491
4.6667, 0.1473
4.6755, 0.1455
4.6842, 0.1455
4.7017, 0.1419
4.7105, 0.1419
4.7191, 0.1402
4.728, 0.1385
4.7367, 0.1385
4.7454, 0.1368
4.7542, 0.1351
4.7717, 0.1318
4.7804, 0.1302
4.7892, 0.1302
4.7979, 0.1286
4.8066, 0.127
4.8154, 0.1255
4.8241, 0.1255
4.8416, 0.1224
4.8504, 0.1224
4.8591, 0.1209
4.8678, 0.1209
4.8766, 0.1195
4.8853, 0.1179
4.8941, 0.1179
4.9115, 0.1151
4.9203, 0.1137
4.929, 0.1137
4.9378, 0.1123
4.9465, 0.111
4.9553, 0.1096
4.9727, 0.1083
4.9815, 0.1069
4.9902, 0.1069
4.999, 0.1056
5.0077, 0.1043
5.0165, 0.1031
5.0252, 0.1031
5.0427, 0.1018
5.0514, 0.1005
5.0602, 0.0993
5.0689, 0.0981
5.0777, 0.0981
5.0864, 0.0969
5.0951, 0.0957
5.1126, 0.0934
5.1214, 0.0922
5.1301, 0.0911
5.1389, 0.09
5.1476, 0.09
5.1562, 0.0889
5.1651, 0.0878
5.1826, 0.0867
5.1913, 0.0857
5.2001, 0.0846
5.2088, 0.0846
5.2175, 0.0836
5.2263, 0.0826
5.2349, 0.0826
5.2525, 0.0806
5.2612, 0.0806
5.27, 0.0796
5.2787, 0.0786
5.2875, 0.0776
5.2962, 0.0767
5.305, 0.0767
5.3224, 0.0748
5.3312, 0.0739
5.3399, 0.0739
5.3487, 0.073
5.3574, 0.0721
5.3662, 0.0712
5.3749, 0.0712
5.3924, 0.0695
5.4011, 0.0695
5.4099, 0.0686
5.4186, 0.0678
5.4274, 0.067
5.4361, 0.067
5.4447, 0.0662
5.4623, 0.0653
5.4711, 0.0645
5.4798, 0.0638
5.4886, 0.063
5.4973, 0.0622
5.506, 0.0614
5.5148, 0.0607
5.5323, 0.0599
5.541, 0.0592
5.5497, 0.0585
5.5585, 0.0578
5.5672, 0.0571
5.576, 0.0571
5.5847, 0.0564
5.6021, 0.055
5.611, 0.0543
5.6197, 0.0543
5.6284, 0.0537
5.6372, 0.053
5.6459, 0.0524
5.6547, 0.0517
5.6722, 0.0511
5.6808, 0.0505
5.6896, 0.0498
5.6984, 0.0498
5.7071, 0.0492
5.7159, 0.0486
5.7246, 0.048
5.7421, 0.0474
5.7508, 0.0469
5.7596, 0.0463
5.7683, 0.0457
5.7771, 0.0452
5.7858, 0.0446
5.7946, 0.0446
5.812, 0.0435
5.8208, 0.043
5.8295, 0.0425
5.8383, 0.0425
5.847, 0.0414
5.8558, 0.0414
5.8645, 0.0409
5.882, 0.0375
5.8908, 0.0371
5.8995, 0.0366
5.9082, 0.0362
5.917, 0.0357
5.9257, 0.0352
5.9344, 0.0349
5.952, 0.0344
5.9607, 0.034
5.9694, 0.0336
5.9782, 0.0332
5.9868, 0.0328
5.9957, 0.0324
6.0044, 0.0324
6.0219, 0.032
6.0306, 0.0316
6.0394, 0.0312
6.0481, 0.0308
6.0569, 0.0308
6.0656, 0.0305
6.0744, 0.0297
6.0919, 0.0283
6.1006, 0.0283
6.1093, 0.0283
6.1181, 0.0279
6.1268, 0.0276
6.1356, 0.0269
6.1443, 0.0266
6.1618, 0.026
6.1705, 0.026
6.1793, 0.0256
6.188, 0.0256
6.1968, 0.0253
6.2055, 0.025
6.2143, 0.0244
6.2317, 0.0238
6.2405, 0.0229
6.2492, 0.0227
6.258, 0.0227
6.2667, 0.0224
6.2755, 0.0218
6.2842, 0.0216
6.3017, 0.0213
6.3104, 0.0211
6.3192, 0.0208
6.3279, 0.0208
6.3367, 0.0208
6.3454, 0.0205
6.3542, 0.0203
6.3716, 0.02
6.3804, 0.0196
6.3891, 0.0191
6.3979, 0.0188
6.4066, 0.0186
6.4154, 0.0186
6.4241, 0.0184
6.4416, 0.0179
6.4503, 0.0179
6.4591, 0.0177
6.4678, 0.0173
6.4766, 0.0171
6.4853, 0.0169
6.494, 0.0169
6.5114, 0.0165
6.5203, 0.0163
6.529, 0.0163
6.5377, 0.0161
6.5465, 0.0159
6.5552, 0.0157
6.5727, 0.0153
6.5815, 0.0151
6.5901, 0.0149
6.599, 0.0149
6.6077, 0.0147
6.6164, 0.0146
6.6252, 0.0144
6.6427, 0.014
6.6514, 0.0139
6.6602, 0.0137
6.6689, 0.0135
6.6777, 0.0133
6.6864, 0.0132
6.6951, 0.013
6.7126, 0.0129
6.7214, 0.0127
6.7301, 0.0122
6.7389, 0.0121
6.7476, 0.0119
6.7564, 0.0118
6.7651, 0.0117
6.7826, 0.0114
6.7913, 0.0114
6.8001, 0.0112
6.8088, 0.0108
6.8176, 0.0107
6.8263, 0.0106
6.835, 0.0104
6.8525, 0.0103
6.8613, 0.0102
6.87, 9.9345e-3
6.8788, 9.8129e-3
6.8875, 9.6929e-3
6.8963, 9.4572e-3
6.905, 9.3414e-3
6.9224, 9.1142e-3
6.9312, 9.1142e-3
6.94, 9.0027e-3
6.9487, 8.6763e-3
6.9575, 8.5702e-3
6.9662, 8.4653e-3
6.975, 8.3617e-3
6.9924, 8.0585e-3
7.0012, 7.9599e-3
7.0099, 7.8625e-3
7.0187, 7.7663e-3
7.0274, 7.6713e-3
7.0362, 7.5774e-3
7.0449, 7.3932e-3
7.0624, 7.2134e-3
7.0711, 7.1251e-3
7.0799, 7.0379e-3
7.0886, 6.8668e-3
7.0974, 6.2999e-3
7.1062, 6.1467e-3
7.1149, 6.0715e-3
7.1324, 5.8514e-3
7.1411, 5.7798e-3
7.1499, 5.7091e-3
7.1586, 5.6392e-3
7.1674, 5.5702e-3
7.1761, 5.502e-3
7.1849, 5.4347e-3
7.2023, 5.2377e-3
7.2111, 5.1736e-3
7.2198, 5.1103e-3
7.2286, 5.0478e-3
7.2373, 4.986e-3
7.2461, 4.8647e-3
7.2548, 4.8052e-3
7.2723, 4.6883e-3
7.281, 4.631e-3
7.2898, 4.5184e-3
7.2985, 4.4631e-3
7.3073, 3.8503e-3
7.3161, 3.7107e-3
7.3248, 3.6653e-3
7.3423, 3.5761e-3
7.3511, 3.5324e-3
7.3598, 3.4892e-3
7.3686, 3.4043e-3
7.3773, 3.3627e-3
7.386, 3.3215e-3
7.3948, 3.2809e-3
7.4123, 3.2011e-3
7.421, 3.1232e-3
7.4298, 3.085e-3
7.4385, 3.0473e-3
7.4473, 3.01e-3
7.456, 2.9368e-3
7.4647, 2.7957e-3
7.4823, 2.6288e-3
7.491, 2.5967e-3
7.4997, 2.5649e-3
7.4997, 2.5649e-3
