#Data from https://arxiv.org/abs/1605.02047 extracted using dataThief
0.9978, 2.268
1.0153, 2.268
1.024, 2.268
1.0328, 2.268
1.0415, 2.268
1.0502, 2.268
1.059, 2.268
1.0765, 2.268
1.0852, 2.2402
1.0939, 2.2402
1.1027, 2.2128
1.1114, 2.1857
1.1202, 2.1857
1.1289, 2.1857
1.1464, 2.1857
1.1551, 2.159
1.1639, 2.1325
1.1726, 2.1064
1.1813, 2.1325
1.1901, 2.1325
1.1988, 2.159
1.2163, 2.159
1.225, 2.1325
1.2338, 2.1064
1.2425, 2.1064
1.2511, 2.0807
1.26, 2.0552
1.2687, 2.0552
1.2862, 2.0052
1.2949, 1.9807
1.3037, 1.9325
1.3124, 1.9325
1.3212, 1.9088
1.3299, 1.9088
1.3386, 1.8855
1.3561, 1.8624
1.3649, 1.8396
1.3736, 1.8171
1.3822, 1.8171
1.3911, 1.7948
1.3998, 1.7729
1.4086, 1.7729
1.426, 1.7729
1.4348, 1.7511
1.4435, 1.7511
1.4522, 1.7511
1.461, 1.7511
1.4697, 1.7511
1.4785, 1.7297
1.4959, 1.7297
1.5047, 1.7297
1.5133, 1.7086
1.5222, 1.7086
1.5309, 1.6877
1.5396, 1.667
1.5484, 1.667
1.5659, 1.6465
1.5746, 1.6465
1.5833, 1.6265
1.592, 1.6265
1.6008, 1.6066
1.6096, 1.6066
1.6183, 1.6066
1.6358, 1.5869
1.6444, 1.5869
1.6532, 1.5869
1.662, 1.5869
1.6707, 1.5675
1.6795, 1.5675
1.6882, 1.5675
1.7057, 1.5483
1.7144, 1.5483
1.7231, 1.5483
1.7319, 1.5293
1.7406, 1.5293
1.7494, 1.5106
1.7581, 1.5106
1.7755, 1.4921
1.7843, 1.4739
1.7931, 1.4739
1.8018, 1.4558
1.8105, 1.4558
1.8193, 1.4558
1.8279, 1.4558
1.8455, 1.438
1.8542, 1.438
1.863, 1.4203
1.8717, 1.4203
1.8805, 1.4203
1.8892, 1.403
1.8979, 1.403
1.9154, 1.3689
1.9242, 1.3689
1.9329, 1.3521
1.9416, 1.3521
1.9504, 1.3356
1.959, 1.3193
1.9679, 1.3193
1.9853, 1.3193
1.9941, 1.3031
2.0028, 1.3031
2.0115, 1.3031
2.0203, 1.2872
2.029, 1.2872
2.0465, 1.2713
2.0552, 1.2558
2.064, 1.2558
2.0727, 1.2405
2.0815, 1.2405
2.0902, 1.2253
2.0989, 1.2253
2.1164, 1.2103
2.1252, 1.1955
2.1339, 1.1955
2.1426, 1.1809
2.1514, 1.1809
2.1601, 1.1663
2.1689, 1.1663
2.1863, 1.1521
2.1951, 1.1521
2.2038, 1.138
2.2125, 1.1241
2.2213, 1.1241
2.23, 1.1103
2.2388, 1.0968
2.2562, 1.0833
2.265, 1.0701
2.2737, 1.0701
2.2825, 1.057
2.2912, 1.044
2.2999, 1.0313
2.3087, 1.0313
2.3262, 1.0186
2.3349, 1.0186
2.3436, 1.0062
2.3524, 1.0062
2.3611, 1.0062
2.3699, 0.9939
2.3786, 0.9939
2.3961, 0.9817
2.4048, 0.9697
2.4135, 0.9578
2.4223, 0.9578
2.431, 0.9461
2.4398, 0.9461
2.4485, 0.9344
2.466, 0.9231
2.4747, 0.9231
2.4835, 0.9231
2.4922, 0.9118
2.5009, 0.9118
2.5097, 0.9005
2.5184, 0.9005
2.5359, 0.8896
2.5446, 0.8896
2.5534, 0.8787
2.5621, 0.8787
2.5708, 0.8679
2.5796, 0.8679
2.5883, 0.8573
2.6058, 0.8468
2.6145, 0.8468
2.6233, 0.8365
2.632, 0.8365
2.6408, 0.8262
2.6495, 0.8262
2.6582, 0.8161
2.6757, 0.8061
2.6844, 0.7963
2.6932, 0.7963
2.7019, 0.7963
2.7107, 0.7963
2.7194, 0.7865
2.7282, 0.7769
2.7456, 0.7673
2.7544, 0.7673
2.7631, 0.758
2.7718, 0.758
2.7806, 0.758
2.7893, 0.758
2.7981, 0.7487
2.8155, 0.7396
2.8243, 0.7396
2.833, 0.7396
2.8418, 0.7305
2.8505, 0.7305
2.8592, 0.7216
2.8679, 0.7216
2.8855, 0.704
2.8942, 0.6954
2.9029, 0.6869
2.9117, 0.6785
2.9203, 0.6785
2.9292, 0.6702
2.9379, 0.6702
2.9554, 0.662
2.9641, 0.6539
2.9727, 0.6459
2.9816, 0.6459
2.9903, 0.638
2.999, 0.638
3.0165, 0.6301
3.0253, 0.6301
3.034, 0.6225
3.0428, 0.6225
3.0515, 0.6148
3.0602, 0.6148
3.069, 0.6073
3.0865, 0.6073
3.0952, 0.5998
3.1039, 0.5998
3.1127, 0.5925
3.1214, 0.5925
3.1301, 0.5853
3.1389, 0.5853
3.1564, 0.5781
3.1651, 0.571
3.1738, 0.571
3.1826, 0.5641
3.1913, 0.5641
3.2001, 0.5572
3.2088, 0.5572
3.2263, 0.5503
3.2349, 0.5436
3.2438, 0.5436
3.2525, 0.5369
3.2612, 0.5369
3.27, 0.5304
3.2787, 0.5304
3.2962, 0.5239
3.3049, 0.5175
3.3136, 0.5175
3.3224, 0.511
3.3311, 0.511
3.3399, 0.5049
3.3486, 0.5049
3.366, 0.4926
3.3748, 0.4926
3.3836, 0.4866
3.3923, 0.4806
3.4011, 0.4747
3.4098, 0.4689
3.4184, 0.4689
3.436, 0.4632
3.4447, 0.4575
3.4535, 0.4575
3.4622, 0.4519
3.471, 0.4519
3.4797, 0.4464
3.4885, 0.4464
3.5059, 0.4355
3.5147, 0.4302
3.5234, 0.4302
3.5321, 0.4249
3.5409, 0.4249
3.5495, 0.4197
3.5584, 0.4197
3.5758, 0.4146
3.5846, 0.4095
3.5933, 0.4095
3.6021, 0.4045
3.6108, 0.4045
3.6195, 0.3996
3.6282, 0.3947
3.6458, 0.3898
3.6545, 0.3851
3.6632, 0.3851
3.672, 0.3804
3.6806, 0.3757
3.6895, 0.3757
3.6982, 0.3711
3.7157, 0.3666
3.7244, 0.362
3.733, 0.362
3.7419, 0.3576
3.7506, 0.3576
3.7593, 0.3533
3.7681, 0.3533
3.7856, 0.3489
3.7943, 0.3447
3.8031, 0.3405
3.8117, 0.3405
3.8205, 0.3363
3.8293, 0.3322
3.838, 0.3322
3.8555, 0.3281
3.8641, 0.3241
3.873, 0.3201
3.8817, 0.3201
3.8904, 0.3162
3.8992, 0.3162
3.9079, 0.3123
3.9254, 0.3085
3.9341, 0.3085
3.9428, 0.3047
3.9516, 0.301
3.9604, 0.301
3.9691, 0.2973
3.9778, 0.2937
3.9952, 0.2901
4.0041, 0.2865
4.0128, 0.2865
4.0215, 0.283
4.0303, 0.283
4.039, 0.2796
4.0565, 0.2761
4.0652, 0.2728
4.074, 0.2694
4.0827, 0.2694
4.0914, 0.2661
4.1002, 0.2629
4.1089, 0.2629
4.1264, 0.2565
4.1351, 0.2533
4.1439, 0.2502
4.1526, 0.2472
4.1614, 0.2472
4.1701, 0.2442
4.1788, 0.2412
4.1963, 0.2324
4.2051, 0.2296
4.2138, 0.2296
4.2225, 0.2268
4.2313, 0.2268
4.24, 0.224
4.2488, 0.2212
4.2662, 0.2185
4.275, 0.2159
4.2837, 0.2132
4.2924, 0.2132
4.3012, 0.2106
4.3099, 0.2106
4.3187, 0.208
4.3361, 0.208
4.3449, 0.2055
4.3536, 0.2055
4.3624, 0.203
4.3711, 0.203
4.3798, 0.2005
4.3886, 0.2005
4.4061, 0.198
4.4148, 0.1956
4.4235, 0.1932
4.4323, 0.1932
4.441, 0.1909
4.4498, 0.1909
4.4585, 0.1885
4.476, 0.1862
4.4847, 0.1839
4.4934, 0.1817
4.5022, 0.1817
4.5109, 0.1795
4.5197, 0.1773
4.5284, 0.1751
4.5459, 0.173
4.5546, 0.1708
4.5634, 0.1687
4.5721, 0.1687
4.5808, 0.1667
4.5896, 0.1646
4.5983, 0.1626
4.6158, 0.1606
4.6245, 0.1587
4.6333, 0.1587
4.642, 0.1567
4.6507, 0.1548
4.6595, 0.1548
4.6682, 0.1529
4.6857, 0.151
4.6944, 0.1492
4.7032, 0.1474
4.7119, 0.1474
4.7207, 0.1456
4.7294, 0.1456
4.7381, 0.1438
4.7556, 0.142
4.7644, 0.1403
4.7731, 0.1386
4.7818, 0.1369
4.7906, 0.1369
4.7993, 0.1352
4.8081, 0.1352
4.8255, 0.1319
4.8343, 0.1319
4.843, 0.1303
4.8517, 0.1287
4.8605, 0.1287
4.8692, 0.1271
4.878, 0.1271
4.8954, 0.124
4.9042, 0.124
4.9129, 0.1225
4.9217, 0.121
4.9304, 0.1195
4.9391, 0.1195
4.9479, 0.1181
4.9654, 0.1166
4.9741, 0.1152
4.9828, 0.1152
4.9916, 0.1138
5.0003, 0.1124
5.0091, 0.1124
5.0265, 0.111
5.0352, 0.1097
5.044, 0.1083
5.0527, 0.1083
5.0615, 0.107
5.0702, 0.1057
5.079, 0.1057
5.0964, 0.1031
5.1052, 0.1019
5.1139, 0.1006
5.1227, 0.0994
5.1314, 0.0982
5.1401, 0.0982
5.1489, 0.0982
5.1663, 0.0958
5.1751, 0.0958
5.1838, 0.0946
5.1926, 0.0934
5.2013, 0.0934
5.21, 0.0923
5.2187, 0.0912
5.2363, 0.09
5.245, 0.0889
5.2537, 0.0889
5.2625, 0.0879
5.2711, 0.0879
5.28, 0.0868
5.2887, 0.0857
5.3062, 0.0836
5.3149, 0.0826
5.3237, 0.0816
5.3324, 0.0816
5.3411, 0.0806
5.3498, 0.0796
5.3586, 0.0796
5.3761, 0.0786
5.3848, 0.0777
5.3936, 0.0767
5.4022, 0.0767
5.411, 0.0758
5.4198, 0.0749
5.4285, 0.0749
5.446, 0.073
5.4546, 0.073
5.4635, 0.0721
5.4722, 0.0713
5.4809, 0.0704
5.4897, 0.0695
5.4984, 0.0695
5.5159, 0.0687
5.5247, 0.0678
5.5333, 0.067
5.5421, 0.0662
5.5509, 0.0654
5.5596, 0.0654
5.5684, 0.0646
5.5857, 0.0638
5.5946, 0.063
5.6033, 0.0622
5.612, 0.0615
5.6208, 0.0615
5.6295, 0.0607
5.6383, 0.06
5.6557, 0.0592
5.6644, 0.0585
5.6732, 0.0578
5.682, 0.0578
5.6907, 0.0571
5.6994, 0.0564
5.7082, 0.0557
5.7257, 0.055
5.7344, 0.0544
5.7431, 0.0544
5.7519, 0.0537
5.7606, 0.053
5.7694, 0.0524
5.7781, 0.0517
5.7955, 0.0511
5.8043, 0.0505
5.813, 0.0499
5.8218, 0.0493
5.8305, 0.0487
5.8393, 0.0487
5.8479, 0.0481
5.8655, 0.0469
5.8742, 0.0463
5.883, 0.0452
5.8917, 0.043
5.9003, 0.0425
5.9092, 0.0425
5.9179, 0.042
5.9354, 0.0415
5.9441, 0.0415
5.9529, 0.0404
5.9616, 0.04
5.9703, 0.0395
5.979, 0.039
5.9878, 0.039
6.0053, 0.039
6.014, 0.0385
6.0228, 0.038
6.0315, 0.038
6.0403, 0.0376
6.049, 0.0371
6.0665, 0.0367
6.0752, 0.0362
6.084, 0.0352
6.0927, 0.0345
6.1014, 0.034
6.1102, 0.0336
6.1189, 0.0336
6.1364, 0.0328
6.1451, 0.032
6.1539, 0.0316
6.1626, 0.0312
6.1713, 0.0308
6.1801, 0.0305
6.1888, 0.0305
6.2063, 0.0305
6.215, 0.0297
6.2238, 0.0294
6.2325, 0.029
6.2413, 0.0287
6.25, 0.0283
6.2587, 0.028
6.2762, 0.0273
6.285, 0.0269
6.2937, 0.0269
6.3024, 0.0266
6.3112, 0.0263
6.3199, 0.026
6.3287, 0.026
6.3461, 0.0253
6.3549, 0.025
6.3636, 0.025
6.3723, 0.0247
6.3811, 0.0241
6.3898, 0.023
6.3986, 0.023
6.416, 0.0224
6.4248, 0.0224
6.4335, 0.0224
6.4423, 0.0219
6.451, 0.0216
6.4597, 0.0216
6.4685, 0.0216
6.486, 0.0211
6.4947, 0.0211
6.5034, 0.0208
6.5122, 0.0208
6.5209, 0.0205
6.5297, 0.0203
6.5384, 0.02
6.5558, 0.0196
6.5646, 0.0193
6.5733, 0.0193
6.5821, 0.0188
6.5908, 0.0186
6.5996, 0.0184
6.6082, 0.0182
6.6258, 0.0179
6.6345, 0.0177
6.6433, 0.0175
6.652, 0.0173
6.6606, 0.0169
6.6695, 0.0167
6.6782, 0.0163
6.6957, 0.0161
6.7044, 0.0157
6.7132, 0.0155
6.7219, 0.0155
6.7306, 0.0155
6.7393, 0.0151
6.7481, 0.0149
6.7656, 0.0147
6.7743, 0.0147
6.7831, 0.0146
6.7917, 0.0144
6.8006, 0.0142
6.8093, 0.014
6.818, 0.0139
6.8355, 0.0134
6.8443, 0.0132
6.853, 0.0129
6.8617, 0.0126
6.8705, 0.0124
6.8792, 0.0122
6.888, 0.0121
6.9054, 0.0118
6.9142, 0.0117
6.9229, 0.0115
6.9316, 0.0114
6.9404, 0.0112
6.9491, 0.0112
6.9579, 0.0108
6.9752, 0.0108
6.9841, 0.0107
6.9928, 0.0107
7.0016, 0.0106
7.0103, 0.0104
7.019, 0.0103
7.0365, 0.0101
7.0453, 9.9359e-3
7.054, 9.8143e-3
7.0627, 9.6942e-3
7.0715, 9.5755e-3
7.0802, 9.2282e-3
7.089, 9.0037e-3
7.1064, 7.9606e-3
7.1152, 7.8631e-3
7.1239, 7.7669e-3
7.1326, 7.6718e-3
7.1414, 7.578e-3
7.1501, 7.4852e-3
7.1589, 7.3936e-3
7.1763, 7.2137e-3
7.1851, 7.1254e-3
7.1938, 7.0382e-3
7.2026, 6.9521e-3
7.2113, 6.867e-3
7.22, 6.783e-3
7.2288, 6.7e-3
7.2463, 6.618e-3
7.255, 6.618e-3
7.2637, 6.537e-3
7.2725, 6.2999e-3
7.2812, 6.1466e-3
7.29, 6.0714e-3
7.2987, 5.9971e-3
7.3162, 5.2374e-3
7.3249, 5.1733e-3
7.3336, 5.0474e-3
7.3424, 4.9857e-3
7.3511, 4.9246e-3
7.3599, 4.8644e-3
7.3686, 4.8048e-3
7.386, 4.688e-3
7.3948, 4.6306e-3
7.4036, 4.5739e-3
7.4123, 4.5179e-3
7.421, 4.4626e-3
7.4298, 4.408e-3
7.4385, 4.3541e-3
7.456, 4.0941e-3
7.4647, 3.9456e-3
7.4735, 3.8496e-3
7.4822, 3.8025e-3
7.4909, 3.71e-3
7.4997, 3.6646e-3
7.5084, 3.6197e-3
7.5259, 3.5317e-3
7.5346, 3.4885e-3
7.5434, 3.4458e-3
7.5521, 3.3619e-3
7.5609, 3.3208e-3
7.5695, 3.2801e-3
7.5783, 3.24e-3
7.5958, 3.1225e-3
7.6046, 3.0843e-3
7.6133, 3.0092e-3
7.6219, 2.9724e-3
7.6308, 2.936e-3
7.6395, 2.8646e-3
7.6482, 2.8296e-3
7.6657, 2.7607e-3
7.6745, 2.7269e-3
7.6832, 2.6936e-3
7.6919, 2.628e-3
7.7006, 2.5959e-3
7.7094, 2.5641e-3
